    =========================================
    === Propagation: Diffraction and Kerr ===
    =========================================

MPI grid size: 32
OpenMP threads: 1

Impulse parameters:
    N: 8192
    L: 10.000000
    Impulse file: /home/kosareva/Documents/efimov/data/impulses/gauss_cos_ort_n8192_l10_p16_a.cpl

Initial phasescreen parameters:
    Phasescreen file: /home/kosareva/Documents/efimov/data/phasescreens/gauss_n8192_l200.cpl
    Phasescreen amplitude: -0.100000

Calculation parameters:
    R: 100.000000
    dz: 0.001000
    dfi=0.5*R*dz: 0.050000, bad [!]
    Steps: 2000

Lz = 2.000000 Ld for sigma=1.

0.001000	1.000092076525
0.002000	1.010622755788
0.003000	1.536193480286
0.004000	1.465080377394
0.005000	1.175417114303
0.006000	0.657634464021
0.007000	0.528392244589
0.008000	0.302647064818
0.009000	0.431335299088
0.010000	0.558263723775
0.011000	0.925850800932
0.012000	1.205390133343
0.013000	1.114715954468
0.014000	0.877722271825
0.015000	0.912225230774
0.016000	0.923456249725
0.017000	0.919962610004
0.018000	1.135050206513
0.019000	1.329550130574
0.020000	1.177156240739
0.021000	0.862564750321
0.022000	0.647355630108
0.023000	0.424552130139
0.024000	0.309819557503
0.025000	0.339411830889
0.026000	0.527962842750
0.027000	0.729857482706
0.028000	0.829824013915
0.029000	0.793397848063
0.030000	0.804365765723
0.031000	0.836439878242
0.032000	0.875745970436
0.033000	0.940668532254
0.034000	1.023105444601
0.035000	0.980628328142
0.036000	0.827025184851
0.037000	0.649779156224
0.038000	0.490974762813
0.039000	0.353131326294
0.040000	0.267253508701
0.041000	0.321734217971
0.042000	0.427225294327
0.043000	0.512139609255
0.044000	0.562753581424
0.045000	0.594435381030
0.046000	0.626061363745
0.047000	0.658571704531
0.048000	0.676058721859
0.049000	0.681963815245
0.050000	0.654848859330
0.051000	0.590783288055
0.052000	0.498525769344
0.053000	0.410409641096
0.054000	0.331116568467
0.055000	0.265598624967
0.056000	0.245797008756
0.057000	0.309831505377
0.058000	0.366989634859
0.059000	0.416865836236
0.060000	0.460617753548
0.061000	0.486920344131
0.062000	0.502707869776
0.063000	0.507289282534
0.064000	0.497304760876
0.065000	0.475030231705
0.066000	0.440911868465
0.067000	0.394877214339
0.068000	0.339371198857
0.069000	0.289965226376
0.070000	0.246102600178
0.071000	0.222421562520
0.072000	0.252901313810
0.073000	0.284809327559
0.074000	0.314957775419
0.075000	0.337976938420
0.076000	0.353074998517
0.077000	0.362712919309
0.078000	0.363539583867
0.079000	0.357526569855
0.080000	0.345476861982
0.081000	0.328822195657
0.082000	0.301797444300
0.083000	0.277164002414
0.084000	0.251199020423
0.085000	0.230133638378
0.086000	0.220120819759
0.087000	0.239146083018
0.088000	0.259578205456
0.089000	0.278693387223
0.090000	0.294975085748
0.091000	0.304421156788
0.092000	0.309519671291
0.093000	0.314723306094
0.094000	0.315019734457
0.095000	0.305559442251
0.096000	0.291847384408
0.097000	0.278820309570
0.098000	0.267430183643
0.099000	0.252110787039
0.100000	0.237694031939
0.101000	0.230168882897
0.102000	0.232700400243
0.103000	0.243791440999
0.104000	0.248256050283
0.105000	0.255492868218
0.106000	0.258584530842
0.107000	0.264562115195
0.108000	0.264148765114
0.109000	0.261720415237
0.110000	0.259444750581
0.111000	0.254075564620
0.112000	0.252223174542
0.113000	0.241321001944
0.114000	0.234439551485
0.115000	0.234932853675
0.116000	0.246392154922
0.117000	0.252081749111
0.118000	0.260045347607
0.119000	0.265959935673
0.120000	0.273518142779
0.121000	0.278286156088
0.122000	0.282399901422
0.123000	0.285943072854
0.124000	0.288842219072
0.125000	0.289552313253
0.126000	0.285632929029
0.127000	0.281902950089
0.128000	0.280029170707
0.129000	0.279057928895
0.130000	0.275513307716
0.131000	0.274711932306
0.132000	0.273497159326
0.133000	0.271425203781
0.134000	0.275642729258
0.135000	0.275460854314
0.136000	0.276382736751
0.137000	0.274926300300
0.138000	0.275650820269
0.139000	0.280702755668
0.140000	0.285304601118
0.141000	0.292584234451
0.142000	0.298717897393
0.143000	0.295694748795
0.144000	0.297124952368
0.145000	0.301808532878
0.146000	0.308596557473
0.147000	0.315233423179
0.148000	0.318877511895
0.149000	0.323489856948
0.150000	0.324555086028
0.151000	0.325463079096
0.152000	0.331220015826
0.153000	0.337428745054
0.154000	0.340720952828
0.155000	0.341228301064
0.156000	0.344477042041
0.157000	0.353568227500
0.158000	0.349867383773
0.159000	0.359271559000
0.160000	0.365863076621
0.161000	0.359967046033
0.162000	0.368785629403
0.163000	0.376447170973
0.164000	0.372646680930
0.165000	0.383149627158
0.166000	0.392418263796
0.167000	0.386832864435
0.168000	0.390376618105
0.169000	0.398627785397
0.170000	0.401957860881
0.171000	0.404339225575
0.172000	0.413823470678
0.173000	0.419274043245
0.174000	0.417950875674
0.175000	0.426064498350
0.176000	0.432021856693
0.177000	0.435990348601
0.178000	0.446919686928
0.179000	0.457685184161
0.180000	0.463625959148
0.181000	0.466541639100
0.182000	0.469667348640
0.183000	0.477505046885
0.184000	0.485535203727
0.185000	0.498841920708
0.186000	0.507015897189
0.187000	0.506761397121
0.188000	0.520770409655
0.189000	0.523381541975
0.190000	0.545644463357
0.191000	0.558020094710
0.192000	0.550944657431
0.193000	0.568080543291
0.194000	0.574353350371
0.195000	0.598897641493
0.196000	0.614578198896
0.197000	0.606786333453
0.198000	0.627297145124
0.199000	0.634633885724
0.200000	0.656221310746
0.201000	0.673493792491
0.202000	0.670022709043
0.203000	0.689859731467
0.204000	0.698298843272
0.205000	0.722342681812
0.206000	0.746784053939
0.207000	0.747655230889
0.208000	0.758303008939
0.209000	0.773934203851
0.210000	0.809733129310
0.211000	0.833574106390
0.212000	0.843138438359
0.213000	0.855888097322
0.214000	0.884183036291
0.215000	0.909870739788
0.216000	0.947447230774
0.217000	0.966382493676
0.218000	0.987686586177
0.219000	1.018418062442
0.220000	1.052941014635
0.221000	1.081279762573
0.222000	1.131962696814
0.223000	1.149807006354
0.224000	1.206345549018
0.225000	1.230305385282
0.226000	1.288121973551
0.227000	1.330791404319
0.228000	1.384236953099
0.229000	1.438781515737
0.230000	1.493830027379
0.231000	1.569506370094
0.232000	1.616174091412
0.233000	1.726487758607
0.234000	1.763514134439
0.235000	1.905954561575
0.236000	1.933258123995
0.237000	2.127733215552
0.238000	2.149099590923
0.239000	2.389358965221
0.240000	2.405502066012
0.241000	2.699678591807
0.242000	2.732599252207
0.243000	3.078312157434
0.244000	3.143766294273
0.245000	3.572572404003
0.246000	3.706543028545
0.247000	4.214711341964
0.248000	4.516430429731
0.249000	5.128935621714
0.250000	5.699522728832
0.251000	6.499137931003
0.252000	7.418893607249
0.253000	8.586695505150
0.254000	10.252240607763
0.255000	12.123570765140
0.256000	15.182470613492
0.257000	18.700038586690
0.258000	24.307565203022
0.259000	30.549415164480

