    =========================================
    === Propagation: Diffraction and Kerr ===
    =========================================

MPI grid size: 32
OpenMP threads: 1

Impulse parameters:
    N: 8192
    L: 10.000000
    Impulse file: /home/shlenov/Documents/efimov/data/impulses/cos_ort_n8192_p1_a.cpl

Initial phasescreen parameters:
    Phasescreen file: 
    Phasescreen amplitude: -1.000000

Calculation parameters:
    z_final: 0.200000
    intensity_final: 50.000000
    dz: 0.002000
    R: 100.000000
    dfi=0.5*R*dz: 0.100000, bad [!]
    Steps: 100.000000

Lens transform isn't used

=======================================================

Step     dz          z           I_max             I_max_gauss
00000    0.002000    0.000000    1.000000000000    1.000000000000
00001    0.002000    0.002000    1.000125781384    0.999996000016
00002    0.001600    0.003600    1.000399836500    0.999987041617
00003    0.001599    0.005199    1.000972903286    0.999972969473
00004    0.001598    0.006798    1.001634869540    0.999953794713
00005    0.001597    0.008395    1.002566061887    0.999929529065
00006    0.001596    0.009991    1.003613789447    0.999900191931
00007    0.001594    0.011585    1.004715158539    0.999865802630
00008    0.001592    0.013178    1.007010352525    0.999826380286
00009    0.001589    0.014766    1.008731114374    0.999781998341
00010    0.001586    0.016353    1.010204771631    0.999732662653
00011    0.001584    0.017936    1.013172495162    0.999678386250
00012    0.001579    0.019516    1.015113427196    0.999619283417
00013    0.001576    0.021092    1.018619036878    0.999555331518
00014    0.001571    0.022663    1.019902662964    0.999486669844
00015    0.001569    0.024231    1.024660551464    0.999413184531
00016    0.001561    0.025793    1.026111158688    0.999335169746
00017    0.001559    0.027352    1.030527525289    0.999252418471
00018    0.001553    0.028905    1.034515788188    0.999165211958
00019    0.001547    0.030451    1.036590331490    0.999073572322
00020    0.001544    0.031995    1.043412577712    0.998977372874
00021    0.001533    0.033528    1.045682061238    0.998877113036
00022    0.001530    0.035058    1.052227228316    0.998772414818
00023    0.001521    0.036579    1.058351008016    0.998663763139
00024    0.001512    0.038091    1.062577745758    0.998551192526
00025    0.001506    0.039597    1.068845497229    0.998434565361
00026    0.001497    0.041094    1.074027987701    0.998314169336
00027    0.001490    0.042583    1.081090433037    0.998189949865
00028    0.001480    0.044063    1.083764687209    0.998062194361
00029    0.001476    0.045540    1.087533415430    0.997930440183
00030    0.001471    0.047011    1.098854070317    0.997794859772
00031    0.001456    0.048467    1.101381607117    0.997656470043
00032    0.001453    0.049920    1.111531388765    0.997514231466
00033    0.001439    0.051359    1.123423725981    0.997369190418
00034    0.001424    0.052783    1.124886922019    0.997221670372
00035    0.001422    0.054206    1.134073061544    0.997070360552
00036    0.001411    0.055616    1.142165222857    0.996916349097
00037    0.001401    0.057017    1.158401908187    0.996759562586
00038    0.001381    0.058399    1.164535827531    0.996601205384
00039    0.001374    0.059772    1.164569703037    0.996439973687
00040    0.001374    0.061146    1.181218352867    0.996275051651
00041    0.001355    0.062501    1.186565769844    0.996108840478
00042    0.001348    0.063849    1.201522045469    0.995939818203
00043    0.001332    0.065181    1.222991714498    0.995769417380
00044    0.001308    0.066489    1.225118529885    0.995598641337
00045    0.001306    0.067795    1.227384615530    0.995424837117
00046    0.001304    0.069099    1.244326128595    0.995248044724
00047    0.001286    0.070385    1.259170554643    0.995070424034
00048    0.001271    0.071655    1.265779045280    0.994891744183
00049    0.001264    0.072919    1.286136874167    0.994710890649
00050    0.001244    0.074163    1.306052483363    0.994529877866
00051    0.001225    0.075388    1.326027602181    0.994348698934
00052    0.001207    0.076595    1.333554700616    0.994167413805
00053    0.001200    0.077795    1.342054681758    0.993984364861
00054    0.001192    0.078987    1.347812484678    0.993799725519
00055    0.001187    0.080174    1.369307509012    0.993613154549
00056    0.001168    0.081343    1.386443428004    0.993426864341
00057    0.001154    0.082497    1.403887724863    0.993240301021
00058    0.001140    0.083636    1.416207349015    0.993053546687
00059    0.001130    0.084766    1.441797607657    0.992865958684
00060    0.001110    0.085876    1.465281917830    0.992679320149
00061    0.001092    0.086968    1.498759529900    0.992493373243
00062    0.001068    0.088035    1.525737759605    0.992309377100
00063    0.001049    0.089084    1.546678810412    0.992126516381
00064    0.001034    0.090119    1.565976430378    0.991944077114
00065    0.001022    0.091140    1.580731534192    0.991761885497
00066    0.001012    0.092152    1.596172432995    0.991579436313
00067    0.001002    0.093155    1.606934311473    0.991396833409
00068    0.000996    0.094151    1.624552039351    0.991213565334
00069    0.000985    0.095135    1.647484914137    0.991030435581
00070    0.000971    0.096107    1.678964013998    0.990848056153
00071    0.000953    0.097060    1.706304965757    0.990667361831
00072    0.000938    0.097997    1.737411321258    0.990487887866
00073    0.000921    0.098918    1.763879090635    0.990310011853
00074    0.000907    0.099825    1.793285755941    0.990133241784
00075    0.000892    0.100717    1.827520458894    0.989957858684
00076    0.000876    0.101593    1.869844682865    0.989784305210
00077    0.000856    0.102449    1.918868156360    0.989613288195
00078    0.000834    0.103282    1.965963563243    0.989445318008
00079    0.000814    0.104096    2.020178202111    0.989280114223
00080    0.000792    0.104888    2.074486091328    0.989118152569
00081    0.000771    0.105660    2.123555085177    0.988959302615
00082    0.000753    0.106413    2.177387674461    0.988803049236
00083    0.000735    0.107148    2.240115618176    0.988649637593
00084    0.000714    0.107862    2.284177282232    0.988499556083
00085    0.000700    0.108563    2.336813448965    0.988351445868
00086    0.000685    0.109247    2.396541482572    0.988205788516
00087    0.000668    0.109915    2.461164034248    0.988062921234
00088    0.000650    0.110565    2.506571034730    0.987923008809
00089    0.000638    0.111203    2.561800572819    0.987784867012
00090    0.000625    0.111828    2.622096839689    0.987648971401
00091    0.000610    0.112438    2.697024313225    0.987515502122
00092    0.000593    0.113031    2.760477494866    0.987385079363
00093    0.000580    0.113611    2.822145303712    0.987257025224
00094    0.000567    0.114178    2.888931743280    0.987131167967
00095    0.000554    0.114732    2.965649195574    0.987007646555
00096    0.000540    0.115271    3.060916859257    0.986886775696
00097    0.000523    0.115794    3.143885154131    0.986769154389
00098    0.000509    0.116303    3.233687085380    0.986654152978
00099    0.000495    0.116798    3.321874972316    0.986541887586
00100    0.000482    0.117279    3.424385802520    0.986432169475
00101    0.000467    0.117747    3.546990882322    0.986325327836
00102    0.000451    0.118198    3.672487970726    0.986221798327
00103    0.000436    0.118633    3.802157338093    0.986121451596
00104    0.000421    0.119054    3.936778192336    0.986024196074
00105    0.000406    0.119461    4.075371787150    0.985929957666
00106    0.000393    0.119853    4.223741013172    0.985838636306
00107    0.000379    0.120232    4.386621883267    0.985750254915
00108    0.000365    0.120597    4.583833753849    0.985664906724
00109    0.000349    0.120946    4.780370721541    0.985583002314
00110    0.000335    0.121281    4.993051803038    0.985504255782
00111    0.000320    0.121601    5.212361525879    0.985428671416
00112    0.000307    0.121908    5.449956821274    0.985356091137
00113    0.000294    0.122201    5.684676847264    0.985286513898
00114    0.000281    0.122483    5.940028602292    0.985219661625
00115    0.000269    0.122752    6.211889383619    0.985155547717
00116    0.000258    0.123010    6.516471647720    0.985094115826
00117    0.000246    0.123255    6.840776581564    0.985035442558
00118    0.000234    0.123489    7.183825581642    0.984979448560
00119    0.000223    0.123712    7.556744254614    0.984926035704
00120    0.000212    0.123924    7.953887762400    0.984875174870
00121    0.000201    0.124125    8.374076077805    0.984826777864
00122    0.000191    0.124316    8.822918031388    0.984780741016
00123    0.000181    0.124497    9.281199205970    0.984736984659
00124    0.000172    0.124670    9.762733413211    0.984695333352
00125    0.000164    0.124834    10.273848741171    0.984655686274
00126    0.000156    0.124989    10.814634907558    0.984617966306
00127    0.000148    0.125137    11.392316039880    0.984582091649
00128    0.000140    0.125278    11.991794847569    0.984547999279
00129    0.000133    0.125411    12.637451940612    0.984515577982
00130    0.000127    0.125538    13.318189571737    0.984484783179
00131    0.000120    0.125658    14.029728690138    0.984455535455
00132    0.000114    0.125772    14.771575150657    0.984427746800
00133    0.000108    0.125880    15.563607080110    0.984401331839
00134    0.000103    0.125983    16.393929366259    0.984376241415
00135    0.000098    0.126081    17.269068992096    0.984352404006
00136    0.000093    0.126173    18.202999282904    0.984329758589
00137    0.000088    0.126261    19.176768603760    0.984308260614
00138    0.000083    0.126345    20.197953336138    0.984287841295
00139    0.000079    0.126424    21.271837137103    0.984268442655
00140    0.000075    0.126499    22.395229998286    0.984250012787
00141    0.000071    0.126571    23.585242712900    0.984232497890
00142    0.000068    0.126638    24.827658297863    0.984215858145
00143    0.000064    0.126703    26.121716488506    0.984200043343
00144    0.000061    0.126764    27.472151599792    0.984185005013
00145    0.000058    0.126822    28.880408369094    0.984170699601
00146    0.000055    0.126878    30.355573772943    0.984157086032
00147    0.000053    0.126930    31.895392253819    0.984144128861
00148    0.000050    0.126981    33.502156636781    0.984131792544
00149    0.000048    0.127028    35.163735953055    0.984120043636
00150    0.000046    0.127074    36.902350309721    0.984108846046
00151    0.000043    0.127117    38.710691996902    0.984098172524
00152    0.000041    0.127159    40.599248094975    0.984087994433
00153    0.000039    0.127198    42.556766904350    0.984078286912
00154    0.000038    0.127236    44.595886790674    0.984069023290
00155    0.000036    0.127271    46.727052721740    0.984060180852
00156    0.000034    0.127306    48.945449391381    0.984051739530
00157    0.000033    0.127338    51.245258058157    0.984043678818

Execution time(min):
9.669770

Execution time(sec):
580.186213
